 866
       2       1      22       1      24
       1       1      23       2      27
       8       2       3       4       7
       4       2      44       8      44
       7       3       4       8       9
       9       4       5       7      10
      10       5       6       9       6
       6       6       7      10      12
      12       7       8       6      11
      11       8       9      12      13
      13       9      10      11      14
      14      10      11      13       5
       5      11      12      14      17
      17      12      13       5      16
      16      13      14      17      18
      18      14      15      16      19
      19      15      16      18      15
      15      16      17      19      21
      21      17      18      15      20
      20      18      19      21      22
      22      19      20      20      23
      23      20      21      22      24
      24      21      22      23       2
      27      23      24       1      26
      26      24      25      27      28
      28      25      26      26      29
      29      26      27      28      25
      25      27      28      29      31
      31      28      29      25      30
      30      29      30      31      32
      32      30      31      30      33
      33      31      32      32      34
      34      32      33      33       3
       3      33      34      34      37
      37      34      35       3      36
      36      35      36      37      38
      38      36      37      36      39
      39      37      38      38      35
      35      38      39      39      41
      41      39      40      35      40
      40      40      41      41      42
      42      41      42      40      43
      43      42      43      42      44
      44      43      44      43       4
      46      45      66      45      68
      45      45      67      46      71
      52      46      47      48      51
      48      46      88      52      88
      51      47      48      52      53
      53      48      49      51      54
      54      49      50      53      50
      50      50      51      54      56
      56      51      52      50      55
      55      52      53      56      57
      57      53      54      55      58
      58      54      55      57      49
      49      55      56      58      61
      61      56      57      49      60
      60      57      58      61      62
      62      58      59      60      63
      63      59      60      62      59
      59      60      61      63      65
      65      61      62      59      64
      64      62      63      65      66
      66      63      64      64      67
      67      64      65      66      68
      68      65      66      67      46
      71      67      68      45      70
      70      68      69      71      72
      72      69      70      70      73
      73      70      71      72      69
      69      71      72      73      75
      75      72      73      69      74
      74      73      74      75      76
      76      74      75      74      77
      77      75      76      76      78
      78      76      77      77      47
      47      77      78      78      81
      81      78      79      47      80
      80      79      80      81      82
      82      80      81      80      83
      83      81      82      82      79
      79      82      83      83      85
      85      83      84      79      84
      84      84      85      85      86
      86      85      86      84      87
      87      86      87      86      88
      88      87      88      87      48
      98      89      90      90      97
      97      90      91      98      99
      99      91      92      97      96
      96      92      93      99     101
     101      93      94      96     100
     100      94      95     101     102
     102      95      96     100      95
      95      96      97     102     105
     105      97      98      95     104
     104      98      99     105     106
     106      99     100     104     103
     103     100     101     106     108
     108     101     102     103     107
     107     102     103     108     109
     109     103     104     107      94
      94     104     105     109     113
     113     105     106      94     112
     112     106     107     113     114
     114     107     108     112     111
     111     108     109     114     116
     116     109     110     111     115
     115     110     111     116     117
     117     111     112     115     110
     110     112     113     117     120
     120     113     114     110     119
     119     114     115     120     121
     121     115     116     119     118
     118     116     117     121     123
     123     117     118     118     122
     122     118     119     123     125
     125     119     120     122     124
     124     120     121     125     126
     126     121     122     124      93
      93     122     123     126     131
     131     123     124      93     130
     130     124     125     131     132
     132     125     126     130     129
     129     126     127     132     134
     134     127     128     129     133
     133     128     129     134     135
     135     129     130     133     136
     136     130     131     135     128
     128     131     132     136     139
     139     132     133     128     138
     138     133     134     139     140
     140     134     135     138     137
     137     135     136     140     142
     142     136     137     137     141
     141     137     138     142     143
     143     138     139     141     144
     144     139     140     143     127
     127     140     141     144     148
     148     141     142     127     147
     147     142     143     148     149
     149     143     144     147     146
     146     144     145     149     151
     151     145     146     146     150
     150     146     147     151     153
     153     147     148     150     152
     152     148     149     153     154
     154     149     150     152     145
     145     150     151     154     157
     157     151     152     145     156
     156     152     153     157     158
     158     153     154     156     159
     159     154     155     158     155
     155     155     156     159     161
     161     156     157     155     160
     160     157     158     161     162
     162     158     159     160     163
     163     159     160     162      92
      92     160     161     163     169
     169     161     162      92     168
     168     162     163     169     170
     170     163     164     168     171
     171     164     165     170     167
     167     165     166     171     173
     173     166     167     167     172
     172     167     168     173     174
     174     168     169     172     175
     175     169     170     174     166
     166     170     171     175     178
     178     171     172     166     177
     177     172     173     178     179
     179     173     174     177     180
     180     174     175     179     176
     176     175     176     180     182
     182     176     177     176     181
     181     177     178     182     184
     184     178     179     181     183
     183     179     180     184     185
     185     180     181     183     165
     165     181     182     185     189
     189     182     183     165     188
     188     183     184     189     190
     190     184     185     188     191
     191     185     186     190     187
     187     186     187     191     193
     193     187     188     187     192
     192     188     189     193     194
     194     189     190     192     195
     195     190     191     194     186
     186     191     192     195     198
     198     192     193     186     197
     197     193     194     198     199
     199     194     195     197     200
     200     195     196     199     196
     196     196     197     200     202
     202     197     198     196     203
     203     198     199     202     201
     201     199     200     203     204
     204     200     201     201     205
     205     201     202     204     164
     164     202     203     205     210
     210     203     204     164     209
     209     204     205     210     211
     211     205     206     209     212
     212     206     207     211     208
     208     207     208     212     214
     214     208     209     208     215
     215     209     210     214     213
     213     210     211     215     216
     216     211     212     213     217
     217     212     213     216     207
     207     213     214     217     220
     220     214     215     207     221
     221     215     216     220     219
     219     216     217     221     222
     222     217     218     219     223
     223     218     219     222     218
     218     219     220     223     225
     225     220     221     218     226
     226     221     222     225     224
     224     222     223     226     227
     227     223     224     224     228
     228     224     225     227     206
     206     225     226     228     232
     232     226     227     206     233
     233     227     228     232     231
     231     228     229     233     234
     234     229     230     231     235
     235     230     231     234     230
     230     231     232     235     237
     237     232     233     230     238
     238     233     234     237     236
     236     234     235     238     239
     239     235     236     236     240
     240     236     237     239     229
     229     237     238     240     243
     243     238     239     229     244
     244     239     240     243     242
     242     240     241     244     245
     245     241     242     242     246
     246     242     243     245     241
     241     243     244     246     248
     248     244     245     241     249
     249     245     246     248     247
     247     246     247     249     251
     251     247     248     247     250
     250     248     249     251     252
     252     249     250     250      91
      91     250     251     252     259
     259     251     252      91     260
     260     252     253     259     258
     258     253     254     260     261
     261     254     255     258     262
     262     255     256     261     257
     257     256     257     262     264
     264     257     258     257     265
     265     258     259     264     263
     263     259     260     265     266
     266     260     261     263     267
     267     261     262     266     256
     256     262     263     267     270
     270     263     264     256     271
     271     264     265     270     269
     269     265     266     271     272
     272     266     267     269     273
     273     267     268     272     268
     268     268     269     273     275
     275     269     270     268     276
     276     270     271     275     274
     274     271     272     276     278
     278     272     273     274     277
     277     273     274     278     279
     279     274     275     277     255
     255     275     276     279     283
     283     276     277     255     284
     284     277     278     283     282
     282     278     279     284     285
     285     279     280     282     286
     286     280     281     285     281
     281     281     282     286     288
     288     282     283     281     289
     289     283     284     288     287
     287     284     285     289     290
     290     285     286     287     291
     291     286     287     290     280
     280     287     288     291     294
     294     288     289     280     295
     295     289     290     294     293
     293     290     291     295     296
     296     291     292     293     297
     297     292     293     296     292
     292     293     294     297     300
     300     294     295     292     299
     299     295     296     300     301
     301     296     297     299     298
     298     297     298     301     303
     303     298     299     298     302
     302     299     300     303     304
     304     300     301     302     254
     254     301     302     304     309
     309     302     303     254     310
     310     303     304     309     308
     308     304     305     310     311
     311     305     306     308     312
     312     306     307     311     307
     307     307     308     312     314
     314     308     309     307     315
     315     309     310     314     313
     313     310     311     315     317
     317     311     312     313     316
     316     312     313     317     318
     318     313     314     316     306
     306     314     315     318     321
     321     315     316     306     322
     322     316     317     321     320
     320     317     318     322     323
     323     318     319     320     324
     324     319     320     323     319
     319     320     321     324     326
     326     321     322     319     327
     327     322     323     326     325
     325     323     324     327     329
     329     324     325     325     328
     328     325     326     329     330
     330     326     327     328     305
     305     327     328     330     334
     334     328     329     305     335
     335     329     330     334     333
     333     330     331     335     337
     337     331     332     333     336
     336     332     333     337     338
     338     333     334     336     332
     332     334     335     338     340
     340     335     336     332     341
     341     336     337     340     339
     339     337     338     341     343
     343     338     339     339     342
     342     339     340     343     344
     344     340     341     342     331
     331     341     342     344     347
     347     342     343     331     348
     348     343     344     347     346
     346     344     345     348     350
     350     345     346     346     349
     349     346     347     350     351
     351     347     348     349     345
     345     348     349     351     353
     353     349     350     345     354
     354     350     351     353     352
     352     351     352     354     356
     356     352     353     352     355
     355     353     354     356     357
     357     354     355     355     253
     253     355     356     357     363
     363     356     357     253     364
     364     357     358     363     362
     362     358     359     364     366
     366     359     360     362     365
     365     360     361     366     367
     367     361     362     365     361
     361     362     363     367     369
     369     363     364     361     370
     370     364     365     369     368
     368     365     366     370     372
     372     366     367     368     371
     371     367     368     372     373
     373     368     369     371     360
     360     369     370     373     376
     376     370     371     360     377
     377     371     372     376     375
     375     372     373     377     379
     379     373     374     375     378
     378     374     375     379     380
     380     375     376     378     374
     374     376     377     380     383
     383     377     378     374     382
     382     378     379     383     384
     384     379     380     382     381
     381     380     381     384     386
     386     381     382     381     385
     385     382     383     386     387
     387     383     384     385     359
     359     384     385     387     391
     391     385     386     359     392
     392     386     387     391     390
     390     387     388     392     394
     394     388     389     390     393
     393     389     390     394     395
     395     390     391     393     389
     389     391     392     395     398
     398     392     393     389     397
     397     393     394     398     399
     399     394     395     397     396
     396     395     396     399     401
     401     396     397     396     400
     400     397     398     401     402
     402     398     399     400     388
     388     399     400     402     406
     406     400     401     388     405
     405     401     402     406     407
     407     402     403     405     404
     404     403     404     407     409
     409     404     405     404     408
     408     405     406     409     410
     410     406     407     408     403
     403     407     408     410     413
     413     408     409     403     412
     412     409     410     413     414
     414     410     411     412     411
     411     411     412     414     416
     416     412     413     411     415
     415     413     414     416     417
     417     414     415     415     358
     358     415     416     417     422
     422     416     417     358     423
     423     417     418     422     421
     421     418     419     423     425
     425     419     420     421     424
     424     420     421     425     426
     426     421     422     424     420
     420     422     423     426     429
     429     423     424     420     428
     428     424     425     429     430
     430     425     426     428     427
     427     426     427     430     432
     432     427     428     427     431
     431     428     429     432     433
     433     429     430     431     419
     419     430     431     433     437
     437     431     432     419     436
     436     432     433     437     438
     438     433     434     436     435
     435     434     435     438     440
     440     435     436     435     439
     439     436     437     440     441
     441     437     438     439     434
     434     438     439     441     444
     444     439     440     434     443
     443     440     441     444     445
     445     441     442     443     442
     442     442     443     445     447
     447     443     444     442     446
     446     444     445     447     448
     448     445     446     446     418
     418     446     447     448     453
     453     447     448     418     452
     452     448     449     453     454
     454     449     450     452     451
     451     450     451     454     456
     456     451     452     451     455
     455     452     453     456     457
     457     453     454     455     450
     450     454     455     457     460
     460     455     456     450     459
     459     456     457     460     461
     461     457     458     459     458
     458     458     459     461     463
     463     459     460     458     462
     462     460     461     463     464
     464     461     462     462     449
     449     462     463     464     468
     468     463     464     449     467
     467     464     465     468     469
     469     465     466     467     466
     466     466     467     469     471
     471     467     468     466     470
     470     468     469     471     472
     472     469     470     470     465
     465     470     471     472     475
     475     471     472     465     474
     474     472     473     475     476
     476     473     474     474     473
     473     474     475     476     478
     478     475     476     473     477
     477     476     477     478     479
     479     477     478     477      89
     489     479     480     481     488
     488     480     481     489     490
     490     481     482     488     487
     487     482     483     490     492
     492     483     484     487     491
     491     484     485     492     493
     493     485     486     491     486
     486     486     487     493     496
     496     487     488     486     495
     495     488     489     496     497
     497     489     490     495     494
     494     490     491     497     499
     499     491     492     494     498
     498     492     493     499     500
     500     493     494     498     485
     485     494     495     500     504
     504     495     496     485     503
     503     496     497     504     505
     505     497     498     503     502
     502     498     499     505     507
     507     499     500     502     506
     506     500     501     507     508
     508     501     502     506     501
     501     502     503     508     511
     511     503     504     501     510
     510     504     505     511     512
     512     505     506     510     509
     509     506     507     512     514
     514     507     508     509     513
     513     508     509     514     516
     516     509     510     513     515
     515     510     511     516     517
     517     511     512     515     484
     484     512     513     517     522
     522     513     514     484     521
     521     514     515     522     523
     523     515     516     521     520
     520     516     517     523     525
     525     517     518     520     524
     524     518     519     525     526
     526     519     520     524     527
     527     520     521     526     519
     519     521     522     527     530
     530     522     523     519     529
     529     523     524     530     531
     531     524     525     529     528
     528     525     526     531     533
     533     526     527     528     532
     532     527     528     533     534
     534     528     529     532     535
     535     529     530     534     518
     518     530     531     535     539
     539     531     532     518     538
     538     532     533     539     540
     540     533     534     538     537
     537     534     535     540     542
     542     535     536     537     541
     541     536     537     542     544
     544     537     538     541     543
     543     538     539     544     545
     545     539     540     543     536
     536     540     541     545     548
     548     541     542     536     547
     547     542     543     548     549
     549     543     544     547     550
     550     544     545     549     546
     546     545     546     550     552
     552     546     547     546     551
     551     547     548     552     553
     553     548     549     551     554
     554     549     550     553     483
     483     550     551     554     560
     560     551     552     483     559
     559     552     553     560     561
     561     553     554     559     562
     562     554     555     561     558
     558     555     556     562     564
     564     556     557     558     563
     563     557     558     564     565
     565     558     559     563     566
     566     559     560     565     557
     557     560     561     566     569
     569     561     562     557     568
     568     562     563     569     570
     570     563     564     568     571
     571     564     565     570     567
     567     565     566     571     573
     573     566     567     567     572
     572     567     568     573     575
     575     568     569     572     574
     574     569     570     575     576
     576     570     571     574     556
     556     571     572     576     580
     580     572     573     556     579
     579     573     574     580     581
     581     574     575     579     582
     582     575     576     581     578
     578     576     577     582     584
     584     577     578     578     583
     583     578     579     584     585
     585     579     580     583     586
     586     580     581     585     577
     577     581     582     586     589
     589     582     583     577     588
     588     583     584     589     590
     590     584     585     588     591
     591     585     586     590     587
     587     586     587     591     593
     593     587     588     587     594
     594     588     589     593     592
     592     589     590     594     595
     595     590     591     592     596
     596     591     592     595     555
     555     592     593     596     601
     601     593     594     555     600
     600     594     595     601     602
     602     595     596     600     603
     603     596     597     602     599
     599     597     598     603     605
     605     598     599     599     606
     606     599     600     605     604
     604     600     601     606     607
     607     601     602     604     608
     608     602     603     607     598
     598     603     604     608     611
     611     604     605     598     612
     612     605     606     611     610
     610     606     607     612     613
     613     607     608     610     614
     614     608     609     613     609
     609     609     610     614     616
     616     610     611     609     617
     617     611     612     616     615
     615     612     613     617     618
     618     613     614     615     619
     619     614     615     618     597
     597     615     616     619     623
     623     616     617     597     624
     624     617     618     623     622
     622     618     619     624     625
     625     619     620     622     626
     626     620     621     625     621
     621     621     622     626     628
     628     622     623     621     629
     629     623     624     628     627
     627     624     625     629     630
     630     625     626     627     631
     631     626     627     630     620
     620     627     628     631     634
     634     628     629     620     635
     635     629     630     634     633
     633     630     631     635     636
     636     631     632     633     637
     637     632     633     636     632
     632     633     634     637     639
     639     634     635     632     640
     640     635     636     639     638
     638     636     637     640     642
     642     637     638     638     641
     641     638     639     642     643
     643     639     640     641     482
     482     640     641     643     650
     650     641     642     482     651
     651     642     643     650     649
     649     643     644     651     652
     652     644     645     649     653
     653     645     646     652     648
     648     646     647     653     655
     655     647     648     648     656
     656     648     649     655     654
     654     649     650     656     657
     657     650     651     654     658
     658     651     652     657     647
     647     652     653     658     661
     661     653     654     647     662
     662     654     655     661     660
     660     655     656     662     663
     663     656     657     660     664
     664     657     658     663     659
     659     658     659     664     666
     666     659     660     659     667
     667     660     661     666     665
     665     661     662     667     669
     669     662     663     665     668
     668     663     664     669     670
     670     664     665     668     646
     646     665     666     670     674
     674     666     667     646     675
     675     667     668     674     673
     673     668     669     675     676
     676     669     670     673     677
     677     670     671     676     672
     672     671     672     677     679
     679     672     673     672     680
     680     673     674     679     678
     678     674     675     680     681
     681     675     676     678     682
     682     676     677     681     671
     671     677     678     682     685
     685     678     679     671     686
     686     679     680     685     684
     684     680     681     686     687
     687     681     682     684     688
     688     682     683     687     683
     683     683     684     688     691
     691     684     685     683     690
     690     685     686     691     692
     692     686     687     690     689
     689     687     688     692     694
     694     688     689     689     693
     693     689     690     694     695
     695     690     691     693     645
     645     691     692     695     700
     700     692     693     645     701
     701     693     694     700     699
     699     694     695     701     702
     702     695     696     699     703
     703     696     697     702     698
     698     697     698     703     705
     705     698     699     698     706
     706     699     700     705     704
     704     700     701     706     708
     708     701     702     704     707
     707     702     703     708     709
     709     703     704     707     697
     697     704     705     709     712
     712     705     706     697     713
     713     706     707     712     711
     711     707     708     713     714
     714     708     709     711     715
     715     709     710     714     710
     710     710     711     715     717
     717     711     712     710     718
     718     712     713     717     716
     716     713     714     718     720
     720     714     715     716     719
     719     715     716     720     721
     721     716     717     719     696
     696     717     718     721     725
     725     718     719     696     726
     726     719     720     725     724
     724     720     721     726     728
     728     721     722     724     727
     727     722     723     728     729
     729     723     724     727     723
     723     724     725     729     731
     731     725     726     723     732
     732     726     727     731     730
     730     727     728     732     734
     734     728     729     730     733
     733     729     730     734     735
     735     730     731     733     722
     722     731     732     735     738
     738     732     733     722     739
     739     733     734     738     737
     737     734     735     739     741
     741     735     736     737     740
     740     736     737     741     742
     742     737     738     740     736
     736     738     739     742     744
     744     739     740     736     745
     745     740     741     744     743
     743     741     742     745     747
     747     742     743     743     746
     746     743     744     747     748
     748     744     745     746     644
     644     745     746     748     754
     754     746     747     644     755
     755     747     748     754     753
     753     748     749     755     757
     757     749     750     753     756
     756     750     751     757     758
     758     751     752     756     752
     752     752     753     758     760
     760     753     754     752     761
     761     754     755     760     759
     759     755     756     761     763
     763     756     757     759     762
     762     757     758     763     764
     764     758     759     762     751
     751     759     760     764     767
     767     760     761     751     768
     768     761     762     767     766
     766     762     763     768     770
     770     763     764     766     769
     769     764     765     770     771
     771     765     766     769     765
     765     766     767     771     774
     774     767     768     765     773
     773     768     769     774     775
     775     769     770     773     772
     772     770     771     775     777
     777     771     772     772     776
     776     772     773     777     778
     778     773     774     776     750
     750     774     775     778     782
     782     775     776     750     783
     783     776     777     782     781
     781     777     778     783     785
     785     778     779     781     784
     784     779     780     785     786
     786     780     781     784     780
     780     781     782     786     789
     789     782     783     780     788
     788     783     784     789     790
     790     784     785     788     787
     787     785     786     790     792
     792     786     787     787     791
     791     787     788     792     793
     793     788     789     791     779
     779     789     790     793     797
     797     790     791     779     796
     796     791     792     797     798
     798     792     793     796     795
     795     793     794     798     800
     800     794     795     795     799
     799     795     796     800     801
     801     796     797     799     794
     794     797     798     801     804
     804     798     799     794     803
     803     799     800     804     805
     805     800     801     803     802
     802     801     802     805     807
     807     802     803     802     806
     806     803     804     807     808
     808     804     805     806     749
     749     805     806     808     813
     813     806     807     749     814
     814     807     808     813     812
     812     808     809     814     816
     816     809     810     812     815
     815     810     811     816     817
     817     811     812     815     811
     811     812     813     817     820
     820     813     814     811     819
     819     814     815     820     821
     821     815     816     819     818
     818     816     817     821     823
     823     817     818     818     822
     822     818     819     823     824
     824     819     820     822     810
     810     820     821     824     828
     828     821     822     810     827
     827     822     823     828     829
     829     823     824     827     826
     826     824     825     829     831
     831     825     826     826     830
     830     826     827     831     832
     832     827     828     830     825
     825     828     829     832     835
     835     829     830     825     834
     834     830     831     835     836
     836     831     832     834     833
     833     832     833     836     838
     838     833     834     833     837
     837     834     835     838     839
     839     835     836     837     809
     809     836     837     839     844
     844     837     838     809     843
     843     838     839     844     845
     845     839     840     843     842
     842     840     841     845     847
     847     841     842     842     846
     846     842     843     847     848
     848     843     844     846     841
     841     844     845     848     851
     851     845     846     841     850
     850     846     847     851     852
     852     847     848     850     849
     849     848     849     852     854
     854     849     850     849     853
     853     850     851     854     855
     855     851     852     853     840
     840     852     853     855     859
     859     853     854     840     858
     858     854     855     859     860
     860     855     856     858     857
     857     856     857     860     862
     862     857     858     857     861
     861     858     859     862     863
     863     859     860     861     856
     856     860     861     863     866
     866     861     862     856     865
     865     862     863     866     867
     867     863     864     865     864
     864     864     865     867     869
     869     865     866     864     868
     868     866     867     869     870
     870     867     868     868     480
